10001111001110011100100001
10011111010110110111101110
10010100001100000110100111
10000110001010110101010000
10000010011101101010110100
10011101011100011101110001
10001001000101000110101010
10001001100100100010111000
10000111010010011010010000
10011011110100100010010100
10010011110010111001101110
10011110100101100010101010
10010101111000011101110010
10011011111111101011000111
10000001011100001111110111
10000011101011100101101010
10001011001011110000100100
10010010111011000100110100
10000000011111010100110000
10001110001110000011110100
10010110001101101101000100
10011100011101001010010011
10010111010110000000110101
10011100100101010111000001
10010101101110000000100011
10011000010001111111011011
10010111101000100101101100
10010011011010000010110101
10000111011111010010100011
10011010011100100101101101
10001011100100000111001001
10010010001100011010111111
10001001100011010100010010
10011010101100000000011001
10010000100101010010101101
10010001011100110100010110
10000011110110100011100010
10001001101001101101101101
10010101100011111010000101
10010101101100001111111111
10011011111010111011010101
10000110110101010110100110
10000101001111110000111000
10011111011110011001101110
10010101111000010001101111
10010010010010100010000000
10001000110111111101011111
10010111010000111110110111
10011010110011110110000110
10010111011111011111100010
10011111010100101001101110
10011101011010000100000100
10010100101001111000010011
10011011001001000111011010
10001100100111100011010010
10001010101111100110011001
10010001010011000110000101
10000001111001001111100101
10011000110100100000011110
10000000100001000000011100
10011110111100111011000100
10011011011111110000111100
10000011100111010001110011
10001111010010101001100100
10000110001000111110101100
10001000001010101100010001
10001001011010000100100100
10001001001110101100111010
10011110111011111111100101
10001001101010001010101001
10001101100100111000111110
10011111110111000000010001
10011010000101011111010101
10010100111110111111100001
10010000011000001010010011
10011001010010111100001100
10011110111100001111010110
10011110111011000100000010
10011011001010011110110110
10001010100101101000111100
10001010010000011101001100
10010001100010011000010001
10000101011010111111011010
10011010001101101100101111
10010111011011000010100111
10001011110001100010110010
10011101011111100111100110
10010010000010111000111000
10011010010001010010001101
10011010101110100011001100
10011110010100110010111001
10011101100110001100101111
10000111010011100011111101
10010010101010110110001101
10001001000000100000101000
10011001111111111000110000
10011000110001101110101111
10000000110110011111000110
10000001101110111011110001
10000011011100100000110001
10010100010111110111101011
10000010111011110010100000
10011101001011100110001000
10001101100100010000101000
10011101011011100110010110
10011001001101110111100011
10001000100110000111011110
10010110011001110001000110
10000011010001111000111000
10011110101000010000100101
10001101011000011010001101
10010100110001111001001001
10000001000011001000000000
10011100101000100000011000
10010010111000100111010100
10011011110001101000010010
10000010100010000111110100
10011001000010100100011001
10000010110111000001001000
10010110010101010100101000
10011100101000001101001001
10001100110011001111100001
10001100010001000001001010
10000110010000110000001111
10001100010100100011011110
10011110001111111010101110
10001000110001111000000110
10000111101100010101100111
