10010101101111110011011101
10010011100000110000101111
10011011101111100000000111
10000111111011011001011110
10010111111011000001110010
10001011001001010100101001
10010101100100010110011001
10011101100111100010011101
10000110000111001000010110
10011101101001001011111110
10010100011010111000001010
10010110000011101011110100
10010000001110010110000000
10011000101010100011001010
10000101000010001111010011
10000100011001110101000110
10001110100001011010010110
10000011000101110111101011
10000110110101101111100010
10000111100110011101010000
10000110100111100010010000
10010000100101010100101101
10001101111100101110111100
10000110011011111010100111
10011100111001011101111100
10010101011100100100000011
10011000011001100001111001
10011000000111001110000010
10000010011010010010100000
10001110010011100110100011
10001000000001100101011101
10000000100110000110101101
10001011011110111010111111
10010110111011100001010110
10000111110001110110100110
10011101010000111001100000
10001010001111010101110000
10010001010100010010100010
10000111000111111011101010
10010000110100011011000100
10001001000110011111001011
10010001110011111101100001
10010011111001110111111110
10000000101100000111011000
10001000110101101000011001
10001001101010100100111110
10001101111100111101000011
10011001111000010000000011
10010111100111011100101101
10001111011000001000011000
10010011101011001001100110
10010111101011110110111010
10000000000100000010111010
10010111110101010001001101
10010110111000110000101011
10001000110111001100101111
10001110111101111110010101
10011000111010011000001010
10001010111000111010110001
10000110010010101101100011
10001011111111001100011010
10000010000100011110000100
10011011010001011000011000
10001001111100100110101001
10011001100110110110001110
10010001010110111111010011
10001100110010111010000101
10000110110110010111101010
10000010000111000011111111
10001101101111101110110011
10011010000001100011010111
10010111010011111001011101
10001011111000111111010010
10000100011100001001101001
10000110110000000010101001
10001100110001011100101011
10000011000101001010001000
10001101110010100110100101
10000111111000001000011011
10010000101001101110101000
10000100000011000100011011
10010111111011100000010101
10010100000100111011001001
10011001011010101110011101
10011101001010000101111101
10010000011011111000000110
10001001011101000111011001
10001010101100011100011010
10001000101111101010100110
10000110001011010001011011
10000011000001000111101010
10011110110000100010001000
10001101101101111101010100
10011001011000010110110010
10011010101000000110111010
10010010111111000111001101
10000110001110110000100101
10000111000001111011000011
10000000001000111101001101
10010011001101110001110101
10011000000010010100110101
10011111001001000010010001
10010000001111100011110110
10010111111110000101010110
10010000100000110110010110
10001000001101010101110100
10011000010010010000011001
10010010100101101001111000
10011101001111010000010000
10000011111110000010001010
10000011110001101101111000
10010100110001001001100110
10011001111100001100011000
10001100011110011001100100
10001000001000110110001011
10000001110100011101001110
10001001011100001011000101
10010111011111000011101000
10010111010110000000000000
10010101100110110110011011
10010101011111101100111010
10011011110011110101100010
10011010001101011111000011
10000101001110001001001011
10000000011100000011001011
10000111101110011000011011
10010011101101001110111101
10011011001101101111101101
